"term","afraid","amused","angry","annoyed","dont_care","happy","inspired","sad"
"eligibility",0,0,14.515102,0.013442,65.750628,0.000926,0,19.719901
"rape",0,0,50.000114,0,0,1.9e-05,49.999848,1.9e-05
"one-time",0,0.00013,5.3e-05,86.631865,4e-06,13.346729,0,0.021218
"demure",0,99.999588,0,0,0,0.000411,0,1e-06
"obfuscate",100,0,0,0,0,0,0,0
"thumbprint",0,0,0,0,0,100,0,0
"herder",0,0,0,3e-06,0,5e-06,0,99.999992
"king-sized",0,0,0,0,0,100,0,0
"harper",0,0,0,2e-06,0,99.999996,0,1e-06
"consolation",4e-06,1e-06,0,1e-06,0,99.994417,0.005578,0
"favour",8e-06,56.591391,0,0,0,0.002567,9.774091,33.631942
"enzyme",0,99.995829,0,0,0,1.1e-05,0.00416,0
"tangy",0,5e-05,0,0,0,99.99995,0,0
"mauler",0,99.080843,0,0,0,0.919157,0,0
"skilful",0,0,0,0,64.413842,35.586158,0,0
"overpay",0,63.337582,2e-06,0,0.030632,0,36.631784,0
"discontented",0,0,0,0,0,100,0,0
"commandment",0,1e-06,0,0,0,0,99.999999,0
"absolutism",0,0,0,35.146034,0,0,64.853966,0
"hegemon",0.00024,95.244323,0.001232,1e-06,4.751927,0.002251,2.6e-05,0
"willfully",0,0,0,0,0,5e-06,4.08451,95.915485
"workings",0,0,0,0,10.72563,89.274351,1.8e-05,0
"gogh",53.985468,0,0,0,0,46.014532,0,0
"fanciful",0,0.003465,0,0,0,99.996535,0,0
"callisto",0,0.000179,0,0,0,0,99.999821,0
"skyrocket",1e-06,17.589443,22.112037,0.000139,5.048422,15.487919,11.88042,27.881618
"peach",0,0,3e-06,0.004556,0,1e-05,0,99.995431
"decipher",0.000897,1.3e-05,0,0,0,0.096246,99.47871,0.424133
"sunspot",99.813218,0.062005,0,0,1.8e-05,0.124748,1e-06,1e-05
"hangar",0,2.917876,83.371169,0.000459,0,0,0,13.710496
"felicity",0,0,0,1e-06,0,99.999998,0,0
"flagpole",0,13.240884,0,0,0,65.539767,21.219349,0
"grumpy",0.220076,99.779924,0,0,0,0,0,0
"copilot",0,0,0,6e-06,0,2e-06,99.999786,0.000205
"stalker",0,0,0,0,0,99.999969,6e-06,2.4e-05
"scrapbook",0,99.99999,0,0,0,1e-05,0,0
"estimate",0.051663,7.1e-05,50.001924,1e-06,2e-06,3.500583,0.000757,46.444999
"fallen",99.999983,0,0,0,0,1.7e-05,0,0
"able",1e-06,0.127746,0,0.000308,0,98.721982,1.149305,0.000658
"immaculately",0,100,0,0,0,0,0,0
"loser",32.409119,54.166589,0,8e-06,0,0.000143,0.000239,13.423902
"high-yield",0,0,31.985187,0,0,68.014813,0,0
"cervantes",0,67.465183,0,0,0,22.3867,10.148117,0
"breathtaking",0,4.216864,0,2e-06,2e-06,3.748675,92.034455,2e-06
"nonessential",100,0,0,0,0,0,0,0
"oh",0,32.724055,0,0,46.720093,1.5e-05,20.555837,0
"leftmost",25.537603,0,0,8e-06,0,0,0,74.462389
"scotland",0,99.999678,0,0,0,0.000322,0,0
"specialise",0.000371,0,0,0,0,1e-06,99.999628,0
"muse",0,0,0,1e-06,19.476242,80.523758,0,0
"theological",99.99998,1.9e-05,0,0,0,1e-06,0,0
"spying",0,27.920532,22.171756,29.771013,0,0,0,20.1367
"refrigerated",0,0,0.000122,0,0,99.999877,0,1e-06
"parks",1.613068,13.400634,16.432858,12.912482,36.187382,0.004327,0,19.44925
"australasia",0,0,24.642791,0,0,0,59.135482,16.221727
"shred",0.000627,1.349501,48.370797,1e-06,0,0.279059,50,1.6e-05
"aristocracy",0,0,0,100,0,0,0,0
"stowe",0,0,81.239152,18.760848,0,0,0,0
"torn",0,0,0.00036,0,0,1.2e-05,0,99.999627
"humid",0,1.000066,0,98.364967,0,0.634966,0,0
"concierge",0,41.418283,0,14.992413,0,43.589304,0,0
"pretzel",0,0,0,0,0,0,100,0
"waist",1e-06,35.664009,2.9e-05,0.000174,0.012428,64.300157,0.023046,0.000155
"trot",0,30.50747,0,0,4.348963,15.143567,0,50
"steel",0.007082,0.001573,0.154201,49.555687,0,28.848866,21.432554,3.6e-05
"brass",0,0,2e-06,98.916431,0,6.8e-05,0.000121,1.083377
"bare-knuckled",0,0,0,0,0,100,0,0
"stand-in",0,0,0,0,74.000458,0,0,25.999541
"cosmologist",0,0,0,0,0,100,0,0
"proprietor",0,3e-06,0,0,0,99.999997,0,0
"philatelic",0,3.6e-05,0,0,0,0,99.999964,0
"downward",42.890055,0,10.539366,0.000105,0,6.2e-05,0,46.570413
"chin",3e-06,8e-06,0.000112,0.000483,1.3e-05,0.391708,99.607391,0.000282
"noc",0,0,99.999998,0,0,1e-06,0,0
"confetti",0,0.000234,0,0,0,99.999766,0,0
"solicitude",0,5e-06,8e-05,7e-06,0.000193,99.988547,0.011085,8.2e-05
"spice",5e-06,31.742264,0.894087,1.339257,1.5e-05,50.17673,15.847599,4.3e-05
"immediate",99.999277,0,0.000304,0,0,0.000418,0,1e-06
"emphasise",0,12.589212,0.487988,0,0,51.780671,0,35.142129
"reassign",0,0,0.000132,0,0.000111,99.999758,0,0
"padua",0,2e-06,0,0,99.999985,1.3e-05,0,0
"premeditate",12.653189,0,87.34681,0,0,0,0,0
"bb",2.249343,7.40361,0.027148,3.991879,6.330416,77.199388,2.798215,0
"printout",0,100,0,0,0,0,0,0
"supernaturalism",0,0,0,0,18.481256,0,57.481366,24.037378
"spine",0.000219,0.048747,0.002941,0,4e-06,3.032575,96.910925,0.004589
"craze",0,99.999988,0,0,0,1.2e-05,0,0
"discriminate",0.000117,0.00016,2e-06,99.999341,0,0.000346,1e-06,3.3e-05
"excursion",0,0,11.288455,0.000216,0,1.3e-05,1e-06,88.711315
"full-length",0,2e-06,0,0,32.160867,5e-06,67.839126,0
"60th",0,0,0,0,0,99.997625,0.002372,3e-06
"sentiment",0.000907,8.5e-05,49.02025,0.186458,3.4e-05,50.745054,0.038191,0.009021
"accession",42.217699,0,43.121212,0,0,14.661089,0,0
"gremlin",25.572674,0,0,33.373663,0,41.053662,0,0
"gesture",6.1e-05,0.010995,2.3e-05,0.003419,1e-06,17.049794,82.918642,0.017065
"disqualification",0,0,0,0,0,99.999994,5e-06,0
"trondheim",0,33.066133,66.933846,0,0,0,2.1e-05,0
"believer",0,0,0,0,0,0.000582,99.999416,2e-06
"acne",0,5.08686,0,44.139027,13.014284,37.75983,0,0
"entomb",0,12.848531,0,87.151469,0,0,0,0
"summary",0,0,0,1.8e-05,0,7e-06,0,99.999975
"puppet",74.766545,4e-06,0,8.641032,0,0,16.592417,0
"arrogantly",0,0,42.885143,57.114857,0,0,0,0
"christchurch",0.01737,1.248673,0,0,90.038322,8.193912,4.3e-05,0.501681
"left",3e-05,8.6e-05,7e-06,4e-06,19.736359,46.892357,33.333195,0.037963
"chips",0,0,0,67.799915,0,1e-06,32.200084,0
"delicate",2e-05,95.766962,0.039914,0,4.120385,0.072544,1.3e-05,0.000162
"byproduct",0.039242,1e-06,0,0,38.923952,61.036805,0,0
"stupor",0,99.998409,0,0.001589,0,2e-06,0,0
"fortnight",0,0,52.320521,2e-06,0,7e-06,0,47.679471
"jealously",7.521211,0,0,0,92.478788,0,0,0
"hindu",0.000256,96.657347,0.00035,0.002058,0,3.274849,0.062385,0.002755
"hello",0,27.854059,0,0,0,72.145941,0,0
"managua",0,0,0,0,0,1.5e-05,0,99.999984
"manipulative",0,0,0,0,2e-06,1.2e-05,99.999986,0
"biceps",0,11.625895,0,0,0,1e-06,0,88.374104
"toronto",0,99.97465,0,0,0,0.025174,0,0.000176
"nowadays",0,12.776881,2e-06,4.5e-05,2.964289,10.296935,73.961651,0.000196
"slack",0,0,15.680102,13.090133,17.658726,33.327602,20.243437,0
"decadence",0,99.999999,0,0,0,0,1e-06,0
"elasmobranch",0,0,0,0,0,0,100,0
"two-way",0,0,0,0,0,100,0,0
"rumpelstiltskin",0,99.665422,0,0,0.334577,0,0,0
"unnecessary",0,0,0,0.081301,99.916853,0.001845,0,0
"increasing",15.063548,11.504537,15.911963,41.450567,0.005686,0,16.063699,0
"walk-through",2e-06,99.999982,0,0,0,1.6e-05,0,0
"keller",99.633144,0,0,0,0,0,0.366856,0
"pansa",0,0,0,0,99.999933,6.7e-05,0,0
"nereus",0,33.785147,0,0,38.758979,0,0,27.455874
"adjudicator",0,0,0,0,10.017254,4e-06,89.982742,0
"lineal",0,49.656459,4.720801,29.08904,0,8e-06,16.533692,0
"cockpit",0,0,3e-06,0.005726,0,0.000126,0,99.994145
"unmapped",8.803319,0,0,0,0,0,0,91.196681
"dictatorship",0,99.999891,0,0,0,0.000109,0,0
"meles",0,0,76.687814,0,22.733177,0.579008,0,0
"mb",94.622581,5.377414,0,0,0,6e-06,0,0
"one-armed",0,0,0,1.2e-05,0,0,0,99.999987
"elderly",8.6e-05,1.1e-05,2.7e-05,0.000216,0,16.174225,25.330238,58.495196
"harass",0,0,99.997055,0.002944,0,1e-06,0,0
"solicitor",97.525946,0,0,0,0,2.474054,0,0
"insignia",49.751605,6.7e-05,50.248327,0,0,1e-06,0,0
"holland",0,0,0,99.999983,0,1.6e-05,1e-06,0
"gandhi",0,1.207642,0,0,98.792357,0,0,0
"skill",0,6.789252,1e-05,1e-04,1e-05,42.479157,50.731246,0.000225
"morrow",0,21.643441,0,78.356556,0,3e-06,0,0
"storeroom",0.00037,0,2.7e-05,84.399624,0,0.830766,0,14.769214
"woo",0,99.998919,0,0,0.001056,2.5e-05,0,0
"deplane",0,24.423294,0.389452,7.904791,67.282464,0,0,0
"tardy",0,1e-06,87.980734,0,0,0,12.019265,0
"case-by-case",0,0,0,0,69.106369,0,0,30.893631
"forgotten",0,0,0,5.955307,1.789414,4e-06,68.280495,23.974779
"sheriff",0,0,0.638058,0.002741,0,0.000207,0,99.358995
"gap-toothed",0,0.000312,0,0,0,99.999688,0,0
"voodoo",0.000149,76.062098,0,23.937752,0,1e-06,0,0
"disputed",0,0,99.999697,0,0,0.000303,0,0
"gratified",0,0,0,99.99999,0,0,9e-06,0
"staff",36.943117,27.415545,0.101944,12.561629,0.047497,0.253956,22.589432,0.08688
"conventionally",0,99.999977,0,2.2e-05,0,0,0,0
"pluralism",0,99.999995,0,0,0,5e-06,0,0
"dismissive",32.602643,0,0,67.397357,0,0,0,0
"major",16.955041,0.002395,39.416196,1.7e-05,1e-06,36.352082,1.679797,5.594471
"chamberlain",70.956881,0,0,0,0,20.116028,8.927091,0
"unpick",0.010196,0,5.7e-05,0,0,99.989698,0,4.9e-05
"siamese",0,0,75.728262,1e-06,1e-06,24.270063,0.001373,0.000299
"spunky",0,0.304006,1.2e-05,0,0,0,5.847873,93.848109
"impale",0,88.433907,0,0,0,0,11.566093,0
"solemnly",0,0,13.658857,86.341091,4.6e-05,2e-06,3e-06,0
"reactionary",99.999998,0,0,0,0,0,2e-06,0
"nirvana",0,99.999748,0,0,0,0.000252,0,0
"bourdon",0,0,0,0,0,100,0,0
"retiree",0,4.7e-05,0,0,0,0,0,99.999952
"combination",1.172374,11.470364,2e-06,0.000859,1.5e-05,49.613359,37.742944,8.3e-05
"carton",0,0.010019,0,0,0.891867,99.098115,0,0
"airspace",0,41.016827,5e-05,32.608345,26.374677,1e-06,0,1e-04
"meticulous",0,0,0,0,0,100,0,0
"theorise",0,33.047604,0,0,0,0,66.952396,0
"belly",0.000132,59.146897,0,0,1.4e-05,40.850372,9e-06,0.002576
"cafeteria",0,0,0,0,0,0.052247,0,99.947753
"aphorism",19.569562,63.400003,0,0,0,0,0,17.030435
"unobtainable",99.802341,0,0.197659,0,0,0,0,0
"fortune",0,0,0,0,0,56.519529,43.480471,0
"composition",5e-06,73.634787,0.001389,1e-06,1.6e-05,15.389792,10.97399,1.9e-05
"lament",25.605066,24.394933,1.5e-05,0.022508,0,6.4e-05,0,49.977415
"schoolfriend",0,7.31993,12.883166,29.01863,0,12.765752,0,38.012522
"elitist",0,0,0,99.999999,0,0,1e-06,0
"measured",0,0,100,0,0,0,0,0
"finalization",0,0,59.199056,0,0,40.800944,0,0
"penetrator",0,5.097042,22.61594,0,0,72.287019,0,0
"gush",0.000257,48.022345,50.000029,0.001248,1.1e-05,1.975826,1e-06,0.000284
"comforting",0,1.7e-05,0,2.4e-05,0,1e-06,18.475342,81.524616
"shade",0,31.691508,2.3e-05,0,24.590361,16.734397,26.461705,0.522006
"bottomless",0,2e-06,0,0,0,1e-05,99.999988,0
"leon",0,1.2e-05,0,0,0,99.999988,0,0
"algerie",45.737224,0,0,0.000127,0,0,0,54.262649
"aquatic",3.3e-05,0.000306,0.203326,8.536527,1e-06,49.796321,1.6e-05,41.46347
"mecca",0,0,0,0,0.052178,99.823242,0.009297,0.115282
"sweater",0,2.7e-05,99.999973,0,0,0,0,0
"aquatics",3.970148,0,96.020986,0.008866,0,1e-06,0,0
"skittish",0,30.637504,0,0,0,58.546577,10.81592,0
"overwhelming",0.045064,0.126629,0.00528,0.000222,6.8e-05,14.776646,84.981761,0.064331
"stock",0.059004,49.999998,0,0,0,49.940998,0,0
"mighty",0.498779,2e-06,0.000136,29.482093,0,49.370028,20.647109,0.001852
"data",0,99.999804,0,0,0,0.000196,0,0
"amigo",0,0,1.4e-05,0,8e-06,0.021813,99.977088,0.001076
"pizza",0,46.109252,1.4e-05,53.121794,1e-05,0.768822,3e-06,0.000106
"capacity",25.425119,0.90106,0.111627,4e-06,5e-06,73.267353,9.6e-05,0.294735
"premeditation",0,0,0,0,0,28.875906,0,71.124094
"cdc",100,0,0,0,0,0,0,0
"crevice",0,100,0,0,0,0,0,0
"gwyn",0,0,0,4e-06,0,0.034619,0,99.965378
"broccoli",0,7e-06,0,1e-06,99.930178,0.069571,7e-06,0.000236
"qatari",0,7.314028,24.847557,17.838408,0,0.000105,49.999902,0
"intrinsically",0,99.999999,1e-06,0,0,0,0,0
"indefensible",0,0,0,66.431141,0,0,33.56885,8e-06
"humble",0,4.4e-05,0,0,0,1.822787,98.177169,0
"represent",0.000581,0.006299,0.00029,0.000232,42.830423,41.830662,15.317508,0.014004
"swab",0,0,49.999999,40.55938,0,0,6e-06,9.440613
"upsurge",0,0,0,0.000642,0,0,0,99.999357
"sepsis",99.999992,0,0,0,0,0,8e-06,0
"jerome",0,0,99.999382,5e-06,0,0.000383,1e-06,0.000229
"abaya",0,33.71751,24.834312,0,0,41.448177,0,0
"islamism",0,99.999739,0,0.00011,0.000152,0,0,0
"matte",0.003813,88.228205,0,4.6e-05,0.008762,11.753206,3e-06,0.005965
"duncan",0.000188,28.37784,0,0,0,71.216285,0.405686,0
"madam",0,0,0.000825,99.994961,0,0.003002,0.001199,1.3e-05
"gordimer",0,0,0,1e-06,0,0,2e-06,99.999997
"blackbird",0,0,0,0,6.740356,84.080337,9.179306,0
"high-class",3.376698,0,0,1e-06,0,0,29.994071,66.62923
"heart-to-heart",0,1.500955,7e-06,86.034025,10.947169,1.517597,0.000246,0
"brunei",0,0,33.684635,25.852777,0,40.462587,1e-06,0
"livable",0,0,0,0,0,36.214491,63.785509,0
"formulate",0,0,0,0,99.99995,5e-05,0,0
"oxtail",0,5e-06,0,99.295063,0,0.491019,6e-05,0.213853
"humanly",73.253268,0,0,0,0,0,0,26.746731
"workflow",0,63.623313,0,0,0,36.376687,0,0
"metastatic",0,0,0,39.153904,0,60.846096,0,0
"curved",0,0,0,1e-06,0.72625,99.273748,0,0
"koran",0,0,87.044349,4e-06,0.001012,0,1.4e-05,12.954621
"sidestep",0,23.800018,0,45.459077,30.740615,0,0,0.00029
"simplistic",0,0,36.046487,0,0,63.953513,0,0
"uncensored",0,0,0.000138,0,0.374031,99.625831,0,0
"kellogg",0,0,0,0,0,100,0,0
"cast",0,0.000329,0,0.000221,0,99.999409,3.9e-05,1e-06
"mauve",0,0.000521,0,0,0,0.055445,0,99.944035
"emerson",0,1e-06,99.999963,5e-06,0,2.9e-05,1e-06,0
"troubleshoot",0,0,99.999999,0,0,1e-06,0,0
"wajda",0,0,0,0,0,99.999997,0,3e-06
"inauspicious",0,0,0,0,0,65.837099,34.162901,0
"generator",2.2e-05,1.542632,98.457344,0,0,2e-06,0,0
"buddhism",0,3e-06,99.999997,0,0,0,0,0
"directional",0,99.999996,0,0,0,0,4e-06,0
"talkative",0,0.00011,0,0,0,0,0,99.99989
"kampuchea",0,0,82.052736,0,0,17.947264,0,0
"cira",0,0,0,89.790919,0,0,10.209081,0
"synthesis",0,0,71.366201,23.613572,5.020227,0,0,0
"predate",0.001793,0,29.863036,0,0,12.321968,0,57.813203
"tribesman",0,0,0,0.000348,0,0,0,99.999652
"seditious",14.418314,0,0,85.581686,0,0,0,0
"quebec",2e-06,0,1e-06,1e-06,0,99.847452,0,0.152544
"alternative",1.401874,51.125125,0.000109,2.5e-05,4e-06,11.553366,0.001135,35.918361
"selflessly",0,0,0,0,0,0,0,100
"costly",28.088903,4e-06,2.9e-05,8.2e-05,0,25.181494,46.719062,0.010427
"enclose",0,6.940875,0,4.2e-05,1e-06,0.217883,0.00036,92.840839
"urbanization",40.449076,59.550922,0,0,0,2e-06,0,0
"unspectacular",10.757372,10.851601,0,0,43.01852,3e-06,35.372504,0
"marx",0,0,99.999999,0,0,0,0,0
"readmission",0,0,0,28.716739,63.783368,0,7.499892,0
"extraterrestrial",9.28507,48.831838,0,0,27.266903,13.448029,1.168161,0
"strasbourg",0,0,0,0,0,99.999637,0,0.000363
"rubbery",0,59.770152,0,0,0,3e-06,0,40.229845
"rushdie",0,0,0,0,0,0,100,0
"steele",0,4.3e-05,0,0,0,3.3e-05,99.999923,0
"bailor",0,13.974952,0,0,59.691162,26.333886,0,0
"bragging",0,97.359535,5e-06,0,0,2.64046,0,0
"exclaim",0,99.908114,0,0,0,1.3e-05,0,0.091873
"embark",4e-06,0.025414,0.000207,2.7e-05,5e-06,57.366471,42.494236,0.113636
"fierceness",0,0,0,0,0,100,0,0
"preseason",0,0,3e-06,18.461727,63.232844,14.372129,0,3.933296
"class",0.007105,1e-06,6e-06,22.33686,6.118504,11.284163,10.245591,50.00777
"beanstalk",0,0,0,0,0,25.832453,0,74.167547
"cordage",0,0,0,1e-06,0,0,0,99.999999
"discontinue",0,0,0,0.000323,0,1e-06,0,99.999675
"fraternize",0,0,63.710742,0,0,0,36.289258,0
"loo",0,0,0,0,0,100,0,0
"archipelago",0,0,0,0,0,100,0,0
"vanish",54.827467,0.00019,0.000774,0.755865,9e-06,32.401354,0,12.01434
"saman",0,0,70.776764,0,21.485155,0,7.738081,0
"arroyo",0,0,31.645962,25.043467,0,0.000405,35.31037,7.999796
"11",47.601243,0,0,0,0,29.722826,22.675931,0
"weighted",0,1.242215,0,0,0,98.757785,0,0
"blue-green",0,0,0.199876,0,0,20.757546,79.042578,0
"preconceived",0,0,85.588195,0,0,0,14.411805,0
"uganda",2.2e-05,0,0.026821,0,0,99.973116,0,3.9e-05
"putin",6.6e-05,82.52899,0,17.470943,0,0,0,0
"hiv",0,0,0,0.000472,0,99.996155,9.5e-05,0.003277
"adorable",0,0.000729,0,9e-06,1.8e-05,99.999245,0,0
"ruck",0,2.2e-05,0,0,0,0,99.999978,0
"on-site",0,0,0,17.068956,37.896846,5e-06,2.844891,42.189301
"variability",83.23772,0,0,7e-06,0,0,0,16.762273
"compounded",9.987458,0,0,3e-06,0,17.248874,0,72.763664
"humongous",0,0,0,0,0,100,0,0
"fo",23.234135,0.615278,0,0,0,4.6e-05,0,76.15054
"reimburse",0,6.493524,0,93.506476,0,0,0,0
"savour",0,0,0,33.407309,0,66.592691,0,0
"marbling",0,0,0,35.219885,64.780115,0,0,0
"seven",0,0,0,99.999949,0,5.1e-05,0,0
"tunicate",0,0,0,0,0,47.501912,52.498088,0
"uniquely",0,0,0,0,0,9e-06,99.999991,0
"swoon",0,1e-06,0.159517,32.897803,16.942694,49.999984,0,0
"subculture",0,23.619179,0,70.656444,5.724376,0,0,0
"effective",1.3e-05,0,0.00077,0,0,99.999217,0,0
"horny",0,100,0,0,0,0,0,0
"florid",0,0,0,0,0,100,0,0
"grandpa",0,12.797651,0,0,81.335477,2.500762,3.351996,0.014113
"pinwheel",0,0,0,0,0,0,0,100
"copulate",0,1.4e-05,0,0,0,0,99.999986,0
"chain",0.409128,17.489938,0.01387,5.2e-05,0.000122,32.070564,50.000061,0.016265
"unimpeded",0,0,2e-06,8.8e-05,0,8e-06,0,99.999901
"perpetuate",2e-06,0,3e-06,0,0,4e-06,99.99999,0
"unimpeachable",0,0,0,0,0,100,0,0
"chest",0.000314,1.698018,0.000208,70.808936,2e-06,27.491599,2.1e-05,0.000903
"haiku",0,0,0,0,0,0,99.999999,0
"mechanically",41.275614,0,31.315344,0,0,0,0,27.409042
"24th",0,0,0,0,0,0.000131,99.999869,0
"copious",0,19.616542,0,0,46.776966,33.606492,0,0
"tajikistan",0,0,0,1.7e-05,0.000106,3e-06,0,99.999874
"greek",96.74067,0.000523,1.9e-05,0.000326,0.01658,1.746778,1.8e-05,1.495086
"boredom",99.999999,0,0,0,0,1e-06,0,0
"pushup",0,0,0,0,0,99.999251,0.000749,0
"rustic",1e-06,0,0,0.002544,0,99.996938,0.000518,0
"rundown",0,9.763,81.090257,0,0,0.000147,9.146596,0
"medallist",0,0,0,5e-06,0,3.5e-05,0,99.999959
"bend",2.3e-05,28.975804,0.000837,8.227962,2.8e-05,60.585652,2.208673,0.001021
"childish",0,0,0,99.985121,0,0.014879,0,0
"conserve",0,0.695604,0.069513,0.000766,0.000276,99.233458,0.000236,0.000147
"miser",0,0,0,0,0,99.999973,2.7e-05,0
"clog",0,1.2e-05,85.273535,14.726442,0,1.1e-05,0,0
"apoptosis",1e-06,99.87796,0,0,0.122039,0,0,0
"pilot",49.999104,3e-06,0,0.000111,0,0.001651,0.000168,49.998963
"traumatic",0,0,0,1e-06,0,0,0,99.999999
"animator",0,0,0,0,0,33.229333,66.770667,0
"hideous",93.509769,0,0,0,0,0,0,6.490231
"reasonably",0,27.705796,0,72.291246,0,0.002958,0,0
"deductive",0,31.115377,0,0,0,29.974148,38.910475,0
"perpetuity",0,17.545748,0,5e-06,82.454247,0,0,0
"altair",0,2e-06,4.2e-05,0.000105,8e-06,99.923648,0.076194,2e-06
"brandy",0,0.619622,0,8e-06,1.6e-05,99.380287,0,6.6e-05
"plo",0,24.42688,40.668529,21.558978,0,13.345613,0,0
"chokehold",0,0,85.582304,14.417696,0,0,0,0
"rove",0,0,2.3e-05,99.999977,0,0,0,0
"life-sized",0,0,0,0,20.003779,4e-06,79.996217,0
"generally",20.427887,3.085931,0.000316,71.661341,1e-06,1.264865,3.514371,0.045288
"ruminant",0,100,0,0,0,0,0,0
"bartender",0,0,0,0,48.846862,51.153138,0,0
"attendant",0,0,1e-06,88.410188,11.558181,0.008266,0,0.023365
"costume",0,0,0,0.001086,0.000352,99.998504,5e-05,7e-06
"immortal",0,50.000173,9e-06,0.001738,0,49.997725,0.000354,0
"self-propelled",0,0,37.3595,62.6405,0,0,0,0
"lerner",97.897543,0,2.097066,0,0,0.005391,0,0
"pursue",9.7e-05,4.3e-05,56.880797,7.5e-05,8.362993,34.601595,0.001048,0.153352
"cosmology",0,0,0,0,98.93455,1e-06,1.065449,0
"vagabond",0,0,99.999999,0,0,1e-06,0,0
"unfulfilled",0,0,1e-05,0,24.259578,0,75.740412,0
"adp",81.051191,0,0,0,0,18.948771,0,3.8e-05
"toxicology",0,69.014393,0,0.001335,0,0,0,30.984272
"bearish",0,66.438438,0,0,33.561562,0,0,0
"seahorse",0,0.020945,3.354999,0,0,33.387371,63.236685,0
"barbarian",0,0,0,0.000295,99.9997,5e-06,0,0
"singaporean",4e-06,0,2.9e-05,2.3e-05,49.999998,0.001519,0,49.998427
"scruffy",0,99.894672,0,0,0,0.001083,0.104111,0.000134
"open",0.002272,5.320863,0.012794,0.026322,23.27083,56.502427,11.067939,3.796554
"lipstick",0,99.999148,3.7e-05,0.000555,0,0.000259,0,1e-06
"wind",49.997985,7e-06,0.000151,7.9e-05,1e-06,43.280718,6.653063,0.067996
"bohemian",0.000869,4.494656,2e-05,0,2.6e-05,95.473998,0.030339,9.2e-05
"barracuda",0,0,0,0,0,0,100,0
"portsmouth",0,6.328252,0,57.366322,0,1e-06,0,36.305426
"spiel",0,99.999999,0,0,0,1e-06,0,0
"fettuccine",0,99.999991,0,0,0,9e-06,0,0
"brezhnev",0,0,0,0,0,19.093087,0.000195,80.906718
"tact",8.774894,6.020275,0,0,74.426674,0,0,10.778157
"mansfield",0,0,0,0,0,41.908175,0,58.091825
"revolting",0,0,0,0,0,0,0,100
"wide-angle",0,0,0,0,65.332206,22.985633,11.682161,0
"blackboard",0,0,0,0,0,1e-06,99.999999,0
"freshen",0,7e-06,0,0,0,2e-06,99.999991,0
"dogged",0,0,0,0,0,0,100,0
"isolated",0,0,0,1.1e-05,0,6e-06,0,99.999983
"congested",0,0,1e-06,0.001469,62.774793,5e-06,4.1e-05,37.223691
"damn",0,0,10.393934,0.012609,33.205386,49.062576,0.924852,6.400643
"mythic",0,33.893097,0,45.43212,0,7e-06,1e-06,20.674775
"greatness",0,0,0,0,99.999468,2e-05,0.000513,0
"yoga",0,9e-06,0,2.9e-05,0,1.4e-05,99.999946,2e-06
"legitimately",0,0,99.755017,0.244736,0,7.8e-05,0,0.000169
"fjord",3e-06,7e-06,2.215642,0,0,29.87532,0,67.909028
"rotationally",0,65.895239,0,0,34.104761,0,0,0
"passenger",1.183542,0,6e-06,0.009928,0,1e-06,0,98.806524
"individuality",0,0,13.413905,0,86.53495,0.051132,1.2e-05,0
"innate",0,0.379043,1e-06,0.001977,54.849273,1.132914,43.634414,0.002379
"carnivorous",63.991209,31.748817,0,4.259974,0,0,0,0
"egger",0,99.999927,0,0,0,0,7.3e-05,0
"salat",0,0,99.999341,4.2e-05,0,3.5e-05,0.000133,0.000448
"million",2e-06,0.001443,83.676675,0.839099,0,0.27318,15.180485,0.029114
"virgo",0,0,0,100,0,0,0,0
"self-improvement",0,0,0,0,0,0,0,100
"suffocation",0,0,0,0,0,0,0,100
"garuda",1e-06,0,2e-06,0.000158,28.703582,16.914629,54.381571,5.7e-05
"capote",0,0,0,0,0,38.011408,0,61.988592
"earshot",0,0,0,0,0,0,79.860243,20.139757
"stand-alone",42.653746,0,24.068665,0,0,33.277589,0,0
"adhere",0,0,0,0,0,2.7e-05,99.999967,4e-06
"mistaken",0,0,75.042781,24.957217,0,1e-06,0,0
"jersey",8e-06,0.030955,0,0.000174,0,99.968754,0.000108,0
"unfavorable",77.2178,0,0,22.782191,0,9e-06,0,0
"regularize",0,40.201185,19.488454,0,0,0,40.310361,0
"heist",0,0,0,73.173817,0,1e-06,26.826181,0
"washable",0,66.620039,0,0.00029,33.379672,0,0,0
"clerical",0,4e-06,0,0,0,99.999996,0,0
"stuttgart",0,0,0,23.48255,0,76.51745,0,0
"manchester",0,99.988167,0,0.000113,0,0.011697,2.3e-05,0
"wahoo",0,0,99.850297,0,0.149703,0,0,0
"dread",0,0,4.092268,2e-05,0,26.604886,1e-06,69.302824
"undercarriage",36.156498,13.088469,0,9.831013,0,1.606135,0,39.317885
"interpretative",0,99.99998,0,0,0,2e-05,0,0
"defensively",0,77.385939,16.039309,0,0,6.574752,0,0
"sheer",0.001299,0.631021,0.000127,0.000252,3.9e-05,33.944148,4.045358,61.377756
"keyboardist",0.000217,8e-06,0.003,1e-05,6e-06,99.84973,0.000206,0.146823
"amicably",0,6.3e-05,0,7.4e-05,0,1e-06,0,99.999862
"unselected",0,6.31429,9.464233,0,0,0,84.221477,0
"skimpy",0,0,0,99.999999,0,1e-06,0,0
"cumulatively",0,87.037039,0,0,0,12.962961,0,0
"creep",49.082513,50.318506,0.000115,0,0,0.067643,0.531216,9e-06
"faithfully",0.351908,1e-06,0.04668,0.11762,2e-06,99.450623,0.023908,0.009257
"sophomore",0,0,5.6358,15.441846,28.922355,36.674948,13.325052,0
"cyclonic",0,0,0,0,0,65.471838,0,34.528162
"ireland",3e-06,0.011598,0,0,0,99.985415,0.000177,0.002806
"violent",2.6e-05,1.3e-05,1.2e-05,0.005928,0,1.7e-05,0,99.994005
"urge",40.983738,21.1661,8.914608,0.168307,3e-06,4.078814,24.685459,0.002971
"giza",68.291547,0,0,0,0,0,31.708453,0
"feedback",0,99.92512,0,0.018967,0.042652,0.013254,6e-06,0
"clown",49.520262,7e-06,0,0,0,50.000023,0.479709,0
"explicitly",0,0,0,0,0,6e-06,99.999994,0
"preferential",43.760526,0,0,56.23941,0,6.4e-05,0,0
"face",0.003499,35.648405,0.00411,0.006866,7.9e-05,64.076165,0.249446,0.01143
"critic",0.000382,7e-06,94.430298,5e-06,0,5.567873,0.00123,0.000204
"bust",0,0.004353,0.034652,56.012595,0.000519,43.941369,0.006511,1e-06
"consort",0,82.135415,0,1.2e-05,17.864572,0,0,0
"pan",0,50.823532,3.8e-05,48.441674,0,0.694584,0.017402,0.02277
"sanitise",67.017808,0,0,3.8e-05,0,0,0,32.982155
"cuttlefish",0,0,0,0,0,99.997299,0.0027,0
"collectible",0,25.793085,0,0,0,0.000271,49.99973,24.206914
"springfield",0,0,0,96.704514,0,5e-06,3.295481,0
"juridical",0,0,0.946512,0,0,1e-06,99.053487,0
"weaving",0,0,0,9e-05,0,0,99.99991,0
"emoticon",0,0,0,0,99.831153,0.168847,0,0
"rampage",0.000836,1.5e-05,49.97975,0.007345,0,0.667164,7e-06,49.344883
"unequipped",19.950695,0,0,0,0,0,0,80.049305
"driving",22.794228,0.175867,0,49.824133,0,0.07958,27.126192,0
"disenchanted",0,0,0,0,0,100,0,0
"pious",0,0,0,95.888246,0,4.111754,0,0
"befit",0,0,27.737918,0,0,53.89526,18.366822,0
"alienation",0,0,0.00225,0,0,0,99.99775,0
"immolation",0,0,0,0,0,82.151377,0,17.848623
"animosity",0,0,0,0,0,100,0,0
"stopover",0,0,0,0,0,91.063883,8.936117,0
"scenic",0.021206,15.533075,8.4e-05,0.000271,7e-06,84.445118,1e-06,0.000239
"kib",0,0,18.063166,5.346378,71.587692,0.00107,5.001694,0
"pawnshop",0,0,0,0,0,8e-06,0,99.999991
"aggressively",0,3e-05,99.999364,0,0,0.000607,0,0
"plaintiff",0,0,0,1e-06,0,99.999997,0,1e-06
"dependent",11.656842,9e-06,0.054367,1.3e-05,0,67.328915,20.85889,0.100964
"submersible",27.312645,22.687351,0,0,0,0,0,50.000003
"firecracker",0,99.981373,0,0,0.018157,0.00047,0,0
"grueling",1e-06,0.016196,0.00024,1e-06,1e-06,99.912669,0.070844,5e-05
"termite",0,99.696959,0,0,2e-05,0.303012,8e-06,0
"figment",0,0,0,0,0,3e-06,99.999997,0
"santiago",0.000188,0,1e-06,0.000307,84.8248,5.314174,1e-06,9.860528
"price-fixing",0,0,0,20.007166,74.29671,5.696124,0,0
"asphyxiate",0,0,0,0,0,65.895123,34.104877,0
"forget",0,4.446654,5e-06,1e-06,7e-06,1.175574,94.371765,0.005994
"agonizingly",0,0,0,0,0,100,0,0
"spokesperson",0,0,53.057198,0.007002,45.435562,1.500236,0,2e-06
"sit",0.000449,4.845912,0.00123,1.7e-05,4e-06,94.685749,0.39884,0.0678
"courtyard",0,0,0,0.00069,0,0,1.3e-05,99.999295
"bagpipe",0,0,0,0.000112,0,0,0.160096,99.839792
"informatics",0,13.404026,86.595971,0,0,1e-06,1e-06,0
"cocaine",0,1.8e-05,0,0,0,99.999978,0,4e-06
"fatherless",0,0,0,0,24.923396,0,0,75.076604
"rectangular",0.000152,9e-06,0,1.4e-05,0,99.995011,0.000539,0.004274
"checkmate",37.558563,42.985843,0,0,0,0,19.455593,0
"lasciviousness",0,0,0,71.905134,28.094866,0,0,0
"cheddar",0,0,0,0,0.004173,99.995827,0,0
"revitalized",34.523282,0,0,34.208109,0,0,31.26861,0
"person",0.706312,0.50721,0.001257,0.005243,8.694819,1.030258,88.657482,0.397419
"gab",3.350664,0,0,4.9e-05,77.003018,13.69763,5.948639,0
"dropout",32.873568,30.332991,0,0,0,0,0,36.793441
"indeterminate",0,0,0,0.004684,0,99.995316,0,0
"unafraid",0,9.958516,0,0,0,0,0,90.041484
"rial",0,3.111284,0,0,44.093299,52.795416,0,0
"tanning",0,100,0,0,0,0,0,0
"sympathise",0,0,0,2e-05,0,0,0,99.99998
"scoff",0,56.092041,43.907957,0,0,1e-06,0,0
"squad",0,0,9e-06,0,0,99.999983,8e-06,0
"indifference",0,0,0,4.4e-05,0,0,0,99.999956
"turmoil",71.182631,0,7e-06,0,27.637146,1.180153,1e-05,5.2e-05
"well-mannered",0,91.762736,0,0,0,0,8.237264,0
"grapple",0,0,0.012262,0,0,3.4e-05,99.987703,0
"pollster",13.931642,21.614205,0,0,64.454151,2e-06,0,0
"artful",0,0,0,0,0,100,0,0
"awash",0,0,0,1e-06,0,99.999999,0,0
"self-confessed",0,22.291408,1.2e-05,0.000302,0.020886,77.687364,2.7e-05,0
"hydrochloride",0,0,1.053499,98.946497,0,4e-06,0,0
"cardboard",0,0,0,0,0,2.3e-05,99.999977,0
"funding",0.007626,0.000282,5.610987,0,8e-06,94.329958,0.045726,0.005413
"capriciously",0,0,0,0,0,100,0,0
"avoidance",0,0,5e-06,0,0,93.382554,0,6.617441
"plaster",0.022794,0.020108,1.247099,0.001548,0.001735,78.614601,0.00089,20.091225
"poaching",62.678017,0,0,0,0,37.321983,0,0
"pancreatic",0,0,0,0,0,39.92953,0,60.07047
"marvellous",0,0,0,0,70.603688,0,29.396312,0
"self-styled",0.028274,0,0.001179,0.006759,1.240597,98.680334,0,0.042857
"male",3e-06,57.673206,14.610104,22.60944,1.891117,3.215973,1e-06,0.000156
"academic",0.020273,7.352121,9.447932,0.00951,1e-06,2.725164,80.444764,0.000233
"serial",0,49.994317,1e-06,0.003092,6e-06,50.001954,0.000628,2e-06
"unseaworthy",0,0,10.201421,0,12.731042,77.067537,0,0
"pulverize",2.780818,0,94.450133,0,0,2.768595,0,0.000455
"administrative",0,0,1e-06,99.984697,0,8.1e-05,0,0.015221
"mc",4e-06,0.059982,0.000147,1.235995,2.8e-05,98.452719,0.251113,1.2e-05
"underway",4e-05,4e-06,0,0,0,1e-06,35.534617,64.465337
"directorate",0,0,99.999992,0,0,8e-06,0,0
"backdrop",0.005606,4.2e-05,0.003927,0.000107,3.1e-05,15.175967,84.810057,0.004264
"vibrato",0,1e-06,0,2e-06,0,99.999448,4.5e-05,0.000504
"high-voltage",0,64.146047,0,0,0,1e-06,0,35.853951
"playboy",0,0,99.999802,0.000196,0,2e-06,0,0
"elegant",0,1.448756,0,0.000475,0.00017,36.760097,61.790502,1e-06
"ehrlich",89.438141,5.228149,0,0,5.33371,0,0,0
"recklessness",61.42482,0,38.573143,0.002037,0,0,0,0
"siren",99.999992,0,0,0,0,8e-06,0,0
"won",0,0,0,0,0.000576,1e-06,99.999423,0
"haul",1e-06,0,7.421156,0,0,49.999372,42.579326,0.000144
"cob",46.111452,0,0,0,0,53.888482,6.5e-05,0
"doctoral",5e-06,0.000402,0.001478,3e-06,0,99.997099,0,0.001013
"heated",1e-06,1.959357,79.871177,0.190226,1e-06,17.865888,0.113261,8.9e-05
"spitfire",0,0,0,0,0,0.001204,99.998796,0
"appropriately",0,10.149303,82.869654,0,0,0.000403,6.98064,0
"slender",0,0,41.694047,0,0,3e-06,0,58.30595
"angular",0,0,2e-06,6e-06,2e-06,0.336301,2.6e-05,99.663663
"one-liner",1e-06,1e-06,2.3e-05,5e-06,2.4e-05,99.594017,1e-05,0.405918
"torricelli",0,61.377706,0,0,0,38.622294,0,0
"similarly",0,0,0.010431,0.014985,0,99.974584,0,0
"well-being",2.6e-05,0,1e-06,0.000275,0,0.005739,0.114068,99.879891
"mack",0,9.10579,0.002366,24.100721,0,66.791123,0,0
"readily",0,0,0,0.035207,0,99.964793,0,0
"12th",0,24.795492,1e-06,0.002186,0,0.000474,0,75.201846
"fencer",0,3e-06,0.01722,99.423603,0,0.559173,0,0
"heir",0,0.357601,0.000158,94.745377,2.891134,2.001183,6e-06,0.004539
"sevens",0,0,0,29.919512,0,1e-06,70.080487,0
"nutshell",0,0.000112,0.0046,99.580063,0,0.415202,3e-06,2.1e-05
"solution",25.884089,0.000774,0.527892,0.125945,2.2e-05,72.565389,0.893946,0.001942
"seattle",0,0,0,0,0,0.012933,99.987025,4.2e-05
"hijab",0,0,0.005561,4e-06,99.99437,0,6.5e-05,0
"ajax",0.024417,0,99.901164,0,0,0.074404,5e-06,1e-05
"begin",0.423784,20.890769,0.080075,0.352692,0.009896,64.019866,10.642235,3.580682
"unanimous",0,0,0,0,0,100,0,0
"montenegro",0,0,0,0,3.715918,0.000259,38.98292,57.300902
"insurance",0.000851,97.170612,0.000477,1.8e-05,2.7e-05,1.073037,0.001606,1.753373
"escape",0.000556,0.475848,46.632395,1e-06,0,51.943304,2e-05,0.947876
"assent",0,0,0,0,44.114337,27.237139,28.648524,0
"airdrop",3.351108,0,0,1.5e-05,0,0,0,96.648877
"tenth",0,0.152343,0,0,0,99.847655,0,2e-06
"cooper",0,0.279503,0.00017,0.000356,1.8e-05,99.719882,7.1e-05,0
"blast",0.043755,5e-06,2.547067,46.251431,1e-06,50.654043,4e-06,0.503693
"fragmentation",90.518612,0,0,9.481386,0,0,0,2e-06
"keaton",0,0,0,0,0,100,0,0
"riverside",0,0,1e-05,0,0,0.04153,99.95845,1.1e-05
"toradol",0,0,81.937019,0,0,12.360294,5.702688,0
"nude",0,15.595689,8.4e-05,48.175854,0,26.551978,0,9.676396
"tremor",100,0,0,0,0,0,0,0
"unthinkable",0,0,0,0,0.000233,63.797848,0,36.201919
"fiji",53.2774,19.501753,0,2e-06,0,27.220845,0,0
"porgy",0,0,0,0,0,100,0,0
"bulky",0.00203,1.4e-05,0.000153,1.191579,2e-06,0.26575,98.540461,1.2e-05
"beech",0,0,4.190721,2.1e-05,81.845476,0,0,13.963781
"graduation",0,0,37.393176,0,0,0.000634,62.60619,0
"skew",0,0,0,0,76.807908,0,0,23.192091
"gunnery",0,0,0,0,0,93.521388,6.478612,0
"parchment",0,99.820893,0,0,1e-06,0.179106,0,0
"wood",4e-06,9.5e-05,0,5.7e-05,0.002597,7.28926,91.3571,1.350888
"undisciplined",0,0,36.271524,0,0,59.899108,2.499997,1.329371
"naturalist",99.999977,0,0,0,0,2.3e-05,0,0
"dominic",0.008296,2.3e-05,0,0,99.289913,0.000186,3e-06,0.701579
"incarnation",0,21.583417,0,0,78.416579,4e-06,0,0
"couple",49.999868,1.116381,0.000213,0,1.594985,47.284793,8e-05,0.00368
"bankrupt",0,0,41.503505,9e-06,0.000156,8.496487,49.999841,0
"rule",44.032188,0.012556,0.007969,54.451332,0.140771,1.203846,7.5e-05,0.151263
"exterior",0,12.549429,0.008543,87.438415,0,0.003613,0,0
"futile",83.883423,16.116385,9.8e-05,0,0,0,0,9.4e-05
"continued",0.134142,0.000174,0.095036,0.020285,1e-05,98.969723,0.000169,0.780462
"workstation",5.2e-05,0,0,0,0,4e-06,99.999943,0
"anne",0,0.000493,0.000336,0.595517,95.735292,0.001161,0,3.667201
"ventilation",0,0,0,0,99.998707,9e-06,0,0.001283
"jackboot",0,0,0,0,0,100,0,0
"tin",4.413627,0,0,0,0,3e-06,79.095926,16.490445
"misspend",0,49.126682,0,47.759818,3.113501,0,0,0
"forecastle",0,0,0,0,0,0,51.049166,48.950834
"firmware",0.035368,0,0,0,38.682887,2e-06,0,61.281742
"intertwine",99.999804,0,0,0,0,0.000195,0,0
"percentage",0,0,2e-06,0.004104,0,3.772064,0,96.22383
"rapidly",20.584246,0.001072,1.492721,0.000361,5e-05,52.036045,25.473429,0.412076
"copy",1e-05,61.034544,0.000237,4e-06,5e-06,35.901953,3.063246,0
"unrecognizable",42.056988,0,0,0,0,0,0,57.943012
"kilowatt",0,0,0,69.54698,0,0,30.452968,5.2e-05
"wearily",47.873085,52.126789,0.000127,0,0,0,0,0
"spoof",19.997412,1e-06,49.999987,0,0,30.002599,0,0
"complacency",1e-06,0,99.999905,0,0,1.4e-05,8e-05,0
"profit",3e-06,31.964168,0.000291,0.958016,0.000218,48.840039,18.237254,1e-05
"eritrean",0.005433,2e-06,0.690089,0,0,99.177134,0.034839,0.092502
"pamphlet",0,0,11.052952,87.733852,0,1.213196,0,0
"boise",0,0,0,0,0,100,0,0
"boarder",99.999979,0,0,0,0,0,0,2.1e-05
"scalable",0,0,0,0,0,14.481308,85.518692,0
"mismanage",0,0,36.249039,0,25.096267,38.654694,0,0
"pursuant",0,0,26.561721,0,0,73.438234,0,4.5e-05
"biomedical",0,91.730242,0,0,4.992116,0,0,3.277641
"minimise",0,26.802123,0,0.000204,2.41683,0,0,70.780843
"cloudy",8.3e-05,0,0,0,0,99.41652,1e-06,0.583396
"policy",0.003285,2.8e-05,0.019019,0.000265,0,8.660511,91.314225,0.002666
"shepard",0,0,0,0,0,58.157284,0,41.842716
"drag",0.000833,2e-06,41.362876,0.307716,50.816611,7.474892,0,0.037071
"spelling",0,0,0,0,0,1e-06,0,99.999999
"catheter",0,0.000155,0,0,5e-06,99.999223,0.000581,3.6e-05
"reintegrate",0,0,36.938935,0,0,0,63.061064,0
"cortez",0,0,0,43.235574,0,56.764426,0,0
"stammer",0,0,29.00956,4.163532,16.826909,0,7.52306,42.47694
"primitive",0.014638,44.447639,5.9e-05,0,1.1e-05,0.179048,55.358483,0.000123
"precision",0,0,0,0,0,99.996961,0.003039,0
"guile",0,35.52262,0.000158,64.477219,0,4e-06,0,0
"anyways",0,7.761883,0,0,0,0,0,92.238117
"clueless",0,2.2e-05,0,0,0,0,99.999977,0
"childhood",0,1.5e-05,1.4e-05,0.000289,9.4e-05,16.906156,83.019613,0.073819
"transgress",0,4.904183,0,0,0,0,17.837718,77.258099
"hairline",0,0,0.038698,7.4e-05,2.2e-05,77.213152,12.684247,10.063807
"angara",0,8.880253,0,0,0,57.587258,33.532489,0
"unattached",0,0.184204,99.807351,0,0,0.008445,0,0
"hone",9e-06,0.269242,0.001738,1e-06,0,1.165815,98.562565,0.000629
"inbreeding",0,0,82.034081,0,17.96584,0,7.9e-05,0
"rapper",0,0,0,42.497565,57.502391,4.4e-05,0,0
"angas",0,5.773447,44.622439,38.472993,0,0,11.131121,0
"unattended",0.497169,0,0,60.250693,0,0,0,39.252138
"scour",0.109756,0,0,8.2e-05,0,0,0,99.890162
"jackfruit",0,99.996629,0,0,0,0.003371,0,0
"curly",0.046994,1.3e-05,0.072613,0.001853,0.000604,99.876,0.000362,0.00156
"masked",0,0,43.157117,16.201371,0,19.457675,0,21.183837
"demosthenes",0,0,0,0,0,10.675887,89.324112,1e-06
"mining",2e-06,0.002176,0.000393,5e-06,6.8e-05,99.811062,0.000143,0.18615
"weevil",0,0,0,0,100,0,0,0
"candidacy",0,37.208497,0.002531,0,0,62.788972,0,0
"neurology",100,0,0,0,0,0,0,0
"streak",0,1e-06,0,0,0,100,0,0
"potable",0,2e-06,0,0.000161,5.2e-05,8.435702,91.562857,0.001225
"proxy",99.999904,0,1e-06,0,0,9.6e-05,0,0
"hydraulic",0,34.295277,0,65.704722,0,0,0,0
"princeton",0,0,0,0,0,6e-06,46.183115,53.816878
"suffrage",70.68993,0,9.842808,4.499053,0,0,0,14.968208
"despotism",50.244293,0,0,0,49.755707,0,0,0
"capsaicin",0,90.59481,9.40519,0,0,0,0,0
"ambulant",0,0,0,0,0,0,100,0
"somebody",0,0.000909,0,0.114255,0,0.000425,99.884411,0
"guffaw",0,50,0,0,0,50,0,0
"spectre",0,10.440775,0,0,0,70.823373,0,18.735852
"tea",0,0.861241,1e-06,98.637652,0,0.501026,7.6e-05,4e-06
"inroad",0,55.336036,0,0,0,44.663964,0,0
"gynaecology",0.016093,3.3e-05,9.8e-05,0,0,99.981489,0.000959,0.001328
"gpo",7.2e-05,0,0.001129,0,0,13.913793,0,86.085005
"limbo",0,0,17.471865,0,3.8e-05,81.731926,0.796172,0
"fisc",0,0,0,100,0,0,0,0
"militarized",0,0,100,0,0,0,0,0
"frock",0,15.725975,0,0,4e-06,2.512614,81.724148,0.037259
"labourer",0,0,0,0,48.289457,0.002778,0,51.707765
"retired",0.00764,0.006304,0.000305,0.115436,5.9e-05,99.854769,0.002607,0.01288
"service",19.43218,0.202857,0.001992,30.594522,5e-06,48.099416,0.000666,1.668361
"topmost",0,12.912775,0,87.087225,0,0,0,0
"equivalent",50.017682,10.448479,0.079899,0.496222,6e-06,38.945546,0.00125,0.010915
"frighten",17.453731,38.728422,0,0.025714,0,43.792133,0,0
"eisenstaedt",0,11.229932,0,0,57.054869,31.715199,0,0
"discover",0.036392,31.295882,0.000528,2e-06,8e-06,1.154479,67.511024,0.001686
"collude",0,0,11.893172,0,0,88.08371,0.023119,0
"substantive",0,0,47.084529,52.915469,0,1e-06,0,0
"iris",0,0,0,0,0,100,0,0
"cognition",0,100,0,0,0,0,0,0
"cutlet",0,0,0,0,0,99.999999,1e-06,0
"moonlit",0,3e-06,0,99.767158,0,0.232833,5e-06,0
"itinerant",0,0,86.430852,13.569147,0,0,0,0
"aide",0.000206,0.353452,0.002859,0.006714,9e-06,1.584227,98.052443,9e-05
"deserter",0,0,91.682976,0,0,8.317024,0,0
"laxly",0,22.147478,0,0,41.514653,36.157219,0,0.180651
"stricken",8.4e-05,0,5e-06,0.00033,0,7e-06,0,99.999573
"overwork",17.239648,0.019787,0,2.5e-05,32.742154,18.851704,0,31.146682
"efficiency",0,0,0,0,0,99.999969,3.1e-05,0
"lowest",13.211422,24.096735,0.022123,1e-05,0,62.669045,2e-06,0.000663
"homeland",0.048012,3e-06,3.735282,1.3e-05,1e-06,40.093171,55.720732,0.402785
"peasant",6e-06,4e-06,0.101592,99.677295,0,0.19452,0.026579,3e-06
"cartilage",0,0.29352,0,0.001264,0,96.551249,0,3.153966
"malnourished",0,0,0,1e-06,0,0,0,99.999999
"seafarer",99.999888,0,0,0,0,0.000112,0,0
"snip",0,49.999999,28.43244,0.000249,21.565772,0,0,0.00154
"libelous",0,0,0,0,38.706678,0,0,61.293322
"reporting",2e-06,0,0.000435,0,0,0.001322,99.998241,0
"duo",0,99.912893,0,0.000318,0,0.086723,6.6e-05,0
"prism",0,79.8108,20.182628,0,0,0.006573,0,0
"eavesdrop",14.734951,0,80.096684,5.168364,0,0,0,0
"almost",0.038688,0.030019,10.421406,0.003356,4e-06,4.379,15.594419,69.533107
"endanger",0,0,99.999934,0,0,6.5e-05,0,0
"jeremiah",0,0,0,5.785725,0.000571,86.327171,7.886533,0
"clinical",2.5e-05,0,0,0,0,99.999975,0,0
"dignitary",0.015079,32.932598,0.000756,7e-06,1.4e-05,28.061668,38.9003,0.089579
"blowup",0,1.112274,0,0,0,0,0,98.887726
"unsinkable",0,0,0,0,0,51.996986,48.003012,1e-06
"nut",1e-06,37.747748,0.001853,39.0519,1.5e-05,6.805656,0.070211,16.322616
"abstraction",0,0,0,0,0,0,100,0
"mullah",28.793106,0,0,0,57.85493,13.351964,0,0
"folate",0,0,0,0,0,100,0,0
"summon",0,0,39.022932,60.939506,0.037548,1.4e-05,0,0
"unobstructed",0,4e-06,0,0,0,99.999996,0,0
"expel",0,0,0,5.693336,94.306663,0,0,0
"throughout",0,0,0,0,0,100,0,0
"reservoir",0.00147,99.99853,0,0,0,0,0,0
"legitimise",18.575108,8.237568,0,0,34.930465,0,38.256858,0
"gunboat",91.783016,0,0,0,8.216983,1e-06,0,0
"pipa",0,0,6.027461,0.016469,68.235683,0,25.720386,0
"machete",0,0,99.999997,0,0,3e-06,0,0
"trimester",0,0,0,0,100,0,0,0
"bougainvillea",0,0,0,0,0,0,100,0
"auditory",99.992035,0.000173,0,0.007196,0,0.000593,0,2e-06
"paradox",0.03847,0.347376,55.606417,28.914466,2.9e-05,9.187523,5.874309,0.031409
"heretic",0,18.551442,0,1.4e-05,0,0,0,81.448544
"inure",0,2e-06,0,99.999998,0,0,0,0
"immunosuppressant",0,68.441473,0,0,0,0,31.558527,0
"bodybuilder",0,53.137032,0,6.8e-05,22.61623,24.246665,1e-06,3e-06
"affliction",0,3.703916,0,0.030277,0,1e-06,0,96.265806
"floridian",0,0.165732,0,99.834268,0,0,0,0
"fantasize",0,9.215251,90.784721,0,0,0,2.8e-05,0
"neurosurgery",0,0,0,0,0,100,0,0
"sale",0,99.975472,0,6.8e-05,0,0.024447,1.4e-05,0
"disassociate",0,0,4e-06,99.999991,0,3e-06,0,1e-06
"luck",0,6.1e-05,0,0,0.034896,99.965043,0,0
"impairment",0,0,0,0,0,33.98591,66.01409,0
"sweeper",0,0,0,0.00633,0,99.993657,0,1.3e-05
"afrikaner",0,0,0,3e-06,0,0,0,99.999997
"storied",0,16.546218,0,0,0.498988,67.971943,14.982851,0
"unfailingly",0,0,0,100,0,0,0,0
"halfback",0,0,0,0,0,93.534333,6.465667,0
"exasperation",0,55.776015,0,0,0,0,0,44.223985
"obscene",0,99.986059,3.6e-05,0.00149,0,0.012375,1e-06,3.8e-05
"antofagasta",99.999997,0,0,0,0,1e-06,2e-06,0
"kaiser",0,0,0,2e-06,0,81.764725,18.235273,0
"pct",0,64.623237,0,2e-06,2e-06,35.353525,0.023233,1e-06
"ghost",0,0.00558,0,75.547239,0,0.000768,24.446413,0
"childlike",0,0,0,0,0,2e-06,99.999998,0
"america",8.3e-05,3.2e-05,2.6e-05,0.000128,1.8e-05,99.89664,0.059629,0.043444
"well-meaning",0,0,84.18333,0,0,0,15.81667,0
"filter",0,49.999966,0.199691,49.800308,0,3.4e-05,0,0
"diverticulitis",0,3.997806,0,96.002194,0,0,0,0
"deposition",0,0,99.999644,0.000352,0,4e-06,0,0
"twain",0,0,0,88.882521,0,11.117479,0,0
"yang",7.8e-05,0.077824,20.144065,6.184279,0,0.000196,37.490729,36.102829
"edison",3.4e-05,9e-06,0,63.29207,0,36.707887,0,0
"encompass",0.00033,0.011653,0.089575,0.000439,0.000273,52.725038,0.269295,46.903397
"amnesia",0.00929,77.780358,0.000504,0,1.6e-05,21.968731,1.5e-05,0.241085
"church",0.225591,1.488629,88.126844,5.8e-05,4.6e-05,9.198907,0.284791,0.675134
"runoff",0,0,0,0,99.999984,1.6e-05,0,0
"ascendant",0.100071,2e-06,0.007098,2.3e-05,0,99.52381,7.5e-05,0.36892
"antipasto",0,1e-06,0,0,1.9e-05,99.999967,1.3e-05,0
